"9206" "8778" "332" "4362" "216" "5041" "11934" "2531" "50156" "263" "3571" "1324" "12365" "1909" "2377" "2394" "1793" "10283" "8893" "1115" "4159" "10534" "2998" "1781" "9744" "8577" "363"
"9206" 0 0.987873538328281 0.992185057830572 0.977495462794918 0.98825831702544 0.990197653864695 0.991788321167883 0.981460023174971 1 0.987633965375103 0.996607294317218 0.99535171986365 0.993003078645396 0.982611781405252 0.995703544575725 0.995328315598235 0.995618491236982 1 0.99493082690886 0.987360233349538 0.997971602434077 0.988771466314399 0.991927671940588 0.997588424437299 1 0.996628266366957 0.994754196642686
"8778" 0.987873538328281 0 0.96943094528923 0.955595886267393 0.961802154750245 0.933303541503743 0.985968586387435 0.964313123561013 1 0.95458440445587 0.974576271186441 0.969046483277681 0.898185173792679 0.900275953944238 0.976269682856509 0.981374004589013 0.965339832114812 1 0.970478533449726 0.967998862181766 0.998598458304135 0.980731802257688 0.956826683291771 0.995391705069124 0.998598458304135 0.984647592463364 0.97433336662339
"332" 0.992185057830572 0.96943094528923 0 0.938305456539622 0.987674169346195 0.948513598987982 0.983923786841322 0.979413278435409 1 0.96 0.981903926299627 0.976904922454484 0.933834586466165 0.94383631713555 0.981455064194009 0.986957239557537 0.976756198347107 1 0.978598368564161 0.906192002699511 0.998940677966102 0.976241324079018 0.96850699844479 0.992372881355932 1 0.985620235620236 0.978462595944553
"4362" 0.977495462794918 0.955595886267393 0.938305456539622 0 0.973071204361474 0.924395056599855 0.984512495600141 0.979143088116411 1 0.946107784431138 0.971828474636712 0.963546193568178 0.89851150202977 0.785667752442997 0.977892186553604 0.980226669881842 0.958538372945241 1 0.966173835125448 0.877606177606178 0.999233716475096 0.977554051823733 0.953816371681416 0.994757314392018 0.999043977055449 0.983761001611504 0.970653173873045
"216" 0.98825831702544 0.961802154750245 0.987674169346195 0.973071204361474 0 0.978072792362768 0.994239631336406 0.973275862068966 1 0.934505342985178 0.990820875950695 0.989927623642943 0.960005297311614 0.961778382669842 0.990280252713429 0.992159498207885 0.990747023625933 1 0.989406356186288 0.988255391842836 0.993854258121159 0.990706319702602 0.980098146128681 0.996827075621364 0.998256320836966 0.993299832495812 0.989776181265543
"5041" 0.990197653864695 0.933303541503743 0.948513598987982 0.924395056599855 0.978072792362768 0 0.985689573832364 0.971754719742426 1 0.962266721155156 0.967618886157498 0.956725964421347 0.909605568445476 0.90333755809041 0.971295060080107 0.980709188224799 0.957413249211357 1 0.965504902311601 0.936844558378001 0.998816768086545 0.978790141896938 0.952757916241062 0.994239805972412 0.99881636794048 0.982685471849559 0.968782791185729
"11934" 0.991788321167883 0.985968586387435 0.983923786841322 0.984512495600141 0.994239631336406 0.985689573832364 0 0.990668740279938 1 0.989401968205905 0.993072873372125 0.993664657399434 0.98263266712612 0.983663538408064 0.994445408783197 0.994025392083644 0.994523824510606 1 0.993347884835256 0.986521031838252 0.998540145985401 0.98576512455516 0.952107279693487 0.995101469559132 1 0.994915707786995 0.996058969493505
"2531" 0.981460023174971 0.964313123561013 0.979413278435409 0.979143088116411 0.973275862068966 0.971754719742426 0.990668740279938 0 1 0.97438330170778 0.990147152911068 0.988711026161749 0.966964632724446 0.95288958848662 0.990414833438089 0.989228780697975 0.988569682151589 1 0.988880141704389 0.9714166492802 0.99925705794948 0.98718496369073 0.976574700676731 0.993734939759036 1 0.991085714285714 0.9873298288179
"50156" 1 1 1 1 1 1 1 1 0 0.999510763209393 1 0.999936728883265 1 1 1 0.999707431246343 1 1 1 0.999734466277217 1 1 1 1 1 1 1
"263" 0.987633965375103 0.95458440445587 0.96 0.946107784431138 0.934505342985178 0.962266721155156 0.989401968205905 0.97438330170778 0.999510763209393 0 0.983618233618234 0.982434782608696 0.94625625992427 0.934900346620451 0.986609686609687 0.98438088069251 0.981727574750831 1 0.982373132943687 0.91116559788759 0.997586872586873 0.986175115207373 0.973760284634201 0.993216708318458 0.998073217726397 0.988934993084371 0.984737560491376
"3571" 0.996607294317218 0.974576271186441 0.981903926299627 0.971828474636712 0.990820875950695 0.967618886157498 0.993072873372125 0.990147152911068 1 0.983618233618234 0 0.931197688322041 0.967585988270724 0.961719032141567 0.976322852760736 0.980714809768368 0.954567564938224 1 0.913219262147137 0.9719955676438 0.999701358817381 0.991201575837164 0.980647313980647 0.993482688391039 0.999552305626026 0.958351600175362 0.955795928796525
"1324" 0.99535171986365 0.969046483277681 0.976904922454484 0.963546193568178 0.989927623642943 0.956725964421347 0.993664657399434 0.988711026161749 0.999936728883265 0.982434782608696 0.931197688322041 0 0.953957879448076 0.948093855160651 0.95798973082309 0.912946043785554 0.879655836069286 1 0.873095485946816 0.970100027034334 0.99962080515705 0.990883294089235 0.977132506933831 0.978386077909209 0.99943145925458 0.934781352897002 0.884965416818347
"12365" 0.993003078645396 0.898185173792679 0.933834586466165 0.89851150202977 0.960005297311614 0.909605568445476 0.98263266712612 0.966964632724446 1 0.94625625992427 0.967585988270724 0.953957879448076 0 0.861037394451146 0.966846432676156 0.977210296062672 0.940225693588922 1 0.955606999387213 0.93823283082077 0.998833138856476 0.97199101598626 0.941676367869616 0.993494423791822 0.999271137026239 0.981799271970879 0.963795762643072
"1909" 0.982611781405252 0.900275953944238 0.94383631713555 0.785667752442997 0.961778382669842 0.90333755809041 0.983663538408064 0.95288958848662 1 0.934900346620451 0.961719032141567 0.948093855160651 0.861037394451146 0 0.966629588431591 0.976130653266332 0.944884844504902 1 0.955696600263935 0.884419651595224 0.998545101842871 0.97830220333296 0.946952824458392 0.994056296960861 0.999152644958238 0.980902777777778 0.962395440076986
"2377" 0.995703544575725 0.976269682856509 0.981455064194009 0.977892186553604 0.990280252713429 0.971295060080107 0.994445408783197 0.990414833438089 1 0.986609686609687 0.976322852760736 0.95798973082309 0.966846432676156 0.966629588431591 0 0.975200583515682 0.984479279838585 1 0.964880859679178 0.976839396420634 0.999615384615385 0.988908824009134 0.982003440518724 0.995752633367312 0.999807840122982 0.973042033984924 0.974376135385792
"2394" 0.995328315598235 0.981374004589013 0.986957239557537 0.980226669881842 0.992159498207885 0.980709188224799 0.994025392083644 0.989228780697975 0.999707431246343 0.98438088069251 0.980714809768368 0.912946043785554 0.977210296062672 0.976130653266332 0.975200583515682 0 0.962110122733926 1 0.941981295462418 0.982160840166882 0.999709808473593 0.992572586090479 0.984279918864097 0.97152760584303 1 0.95166557805356 0.909990896677287
"1793" 0.995618491236982 0.965339832114812 0.976756198347107 0.958538372945241 0.990747023625933 0.957413249211357 0.994523824510606 0.988569682151589 1 0.981727574750831 0.954567564938224 0.879655836069286 0.940225693588922 0.944884844504902 0.984479279838585 0.962110122733926 0 1 0.932579185520362 0.975064820433607 0.999740932642487 0.989129092032119 0.979584794985336 0.984083044982699 0.99987052502104 0.956203125894544 0.917100540868422
"10283" 1 1 1 1 1 1 1 1 1 1 1 1 1 1 1 1 1 0 1 1 1 1 1 1 1 1 1
"8893" 0.99493082690886 0.970478533449726 0.978598368564161 0.966173835125448 0.989406356186288 0.965504902311601 0.993347884835256 0.988880141704389 1 0.982373132943687 0.913219262147137 0.873095485946816 0.955606999387213 0.955696600263935 0.964880859679178 0.941981295462418 0.932579185520362 1 0 0.976110884631064 0.999670980478175 0.990469502407705 0.978461265733026 0.98350622406639 0.99967119684349 0.940789473684211 0.903587774988927
"1115" 0.987360233349538 0.967998862181766 0.906192002699511 0.877606177606178 0.988255391842836 0.936844558378001 0.986521031838252 0.9714166492802 0.999734466277217 0.91116559788759 0.9719955676438 0.970100027034334 0.93823283082077 0.884419651595224 0.976839396420634 0.982160840166882 0.975064820433607 1 0.976110884631064 0 0.99868108678449 0.981822070145423 0.964944342914105 0.992648696814435 0.999473684210526 0.986601161232693 0.976999477260847
"4159" 0.997971602434077 0.998598458304135 0.998940677966102 0.999233716475096 0.993854258121159 0.998816768086545 0.998540145985401 0.99925705794948 1 0.997586872586873 0.999701358817381 0.99962080515705 0.998833138856476 0.998545101842871 0.999615384615385 0.999709808473593 0.999740932642487 1 0.999670980478175 0.99868108678449 0 1 0.998159057437408 1 1 1 0.999841370558376
"10534" 0.988771466314399 0.980731802257688 0.976241324079018 0.977554051823733 0.990706319702602 0.978790141896938 0.98576512455516 0.98718496369073 1 0.986175115207373 0.991201575837164 0.990883294089235 0.97199101598626 0.97830220333296 0.988908824009134 0.992572586090479 0.989129092032119 1 0.990469502407705 0.981822070145423 1 0 0.963687943262411 0.996234534696073 1 0.990345160511707 0.992261987011193
"2998" 0.991927671940588 0.956826683291771 0.96850699844479 0.953816371681416 0.980098146128681 0.952757916241062 0.952107279693487 0.976574700676731 1 0.973760284634201 0.980647313980647 0.977132506933831 0.941676367869616 0.946952824458392 0.982003440518724 0.984279918864097 0.979584794985336 1 0.978461265733026 0.964944342914105 0.998159057437408 0.963687943262411 0 0.993879335470708 0.998898678414097 0.985550660792952 0.982999884352955
"1781" 0.997588424437299 0.995391705069124 0.992372881355932 0.994757314392018 0.996827075621364 0.994239805972412 0.995101469559132 0.993734939759036 1 0.993216708318458 0.993482688391039 0.978386077909209 0.993494423791822 0.994056296960861 0.995752633367312 0.97152760584303 0.984083044982699 1 0.98350622406639 0.992648696814435 1 0.996234534696073 0.993879335470708 0 1 0.984571129707113 0.977890909090909
"9744" 1 0.998598458304135 1 0.999043977055449 0.998256320836966 0.99881636794048 1 1 1 0.998073217726397 0.999552305626026 0.99943145925458 0.999271137026239 0.999152644958238 0.999807840122982 1 0.99987052502104 1 0.99967119684349 0.999473684210526 1 1 0.998898678414097 1 0 0.999683644416324 0.999683042789223
"8577" 0.996628266366957 0.984647592463364 0.985620235620236 0.983761001611504 0.993299832495812 0.982685471849559 0.994915707786995 0.991085714285714 1 0.988934993084371 0.958351600175362 0.934781352897002 0.981799271970879 0.980902777777778 0.973042033984924 0.95166557805356 0.956203125894544 1 0.940789473684211 0.986601161232693 1 0.990345160511707 0.985550660792952 0.984571129707113 0.999683644416324 0 0.937880353657136
"363" 0.994754196642686 0.97433336662339 0.978462595944553 0.970653173873045 0.989776181265543 0.968782791185729 0.996058969493505 0.9873298288179 1 0.984737560491376 0.955795928796525 0.884965416818347 0.963795762643072 0.962395440076986 0.974376135385792 0.909990896677287 0.917100540868422 1 0.903587774988927 0.976999477260847 0.999841370558376 0.992261987011193 0.982999884352955 0.977890909090909 0.999683042789223 0.937880353657136 0
