"418" "7147" "1319" "9206" "8778" "332" "4362" "216" "5041" "11934" "2531" "50156" "263" "3571" "1324" "12365" "1909" "2377" "2394" "1793" "10283" "8893" "1115" "4159" "10534" "2998" "1781" "9744" "8577" "363"
"418" 0 0.999685336689742 1 1 0.999865301724138 1 1 1 0.999889636905419 1 1 1 1 0.999491456468674 0.999841847224419 0.999900039984006 1 1 1 0.999892392123103 1 0.99983681462141 1 1 1 1 1 1 1 1
"7147" 0.999685336689742 0 1 1 1 1 1 1 1 1 1 1 1 1 1 1 1 1 1 1 1 1 1 1 1 1 1 1 1 1
"1319" 1 1 0 1 0.999531396438613 0.999644886363636 0.999808318957255 1 0.999661246612466 1 1 1 1 1 0.99968382445934 1 0.999757546369257 1 0.999708624708625 1 1 0.999780268072951 0.99973544973545 1 1 1 1 1 1 1
"9206" 1 1 1 0 0.987873538328281 0.992185057830572 0.977495462794918 0.98825831702544 0.974475695008942 0.999101527403414 0.981460023174971 1 0.987633965375103 0.991912599318956 0.98951703481842 0.993003078645396 0.982611781405252 0.995506829618979 0.986838641747828 0.990756677503665 1 0.992654104120089 0.987360233349538 0.997971602434077 1 0.99777141037886 0.992694805194805 1 0.982189026141913 0.990822927636528
"8778" 0.999865301724138 1 0.999531396438613 0.987873538328281 0 0.96943094528923 0.955595886267393 0.961802154750245 0.941950996107167 0.998567921440262 0.964313123561013 1 0.95458440445587 0.963205395219677 0.963264636746296 0.898185173792679 0.900275953944238 0.958558765972142 0.969196919691969 0.969109039670496 1 0.959611746318993 0.967998862181766 0.998598458304135 0.997742663656885 0.992697531765737 0.993158953722334 0.998598458304135 0.964139344262295 0.944220638363805
"332" 1 1 0.999644886363636 0.992185057830572 0.96943094528923 0 0.938305456539622 0.987674169346195 0.947799773042492 0.999419785320569 0.979413278435409 1 0.96 0.964182424916574 0.974149270803546 0.933834586466165 0.94383631713555 0.981074642668078 0.988690074274139 0.970049249799565 1 0.97276126045932 0.906192002699511 0.998940677966102 0.995865633074935 0.995217951075961 0.990950226244344 1 0.966779179250311 0.980328627632493
"4362" 1 1 0.999808318957255 0.977495462794918 0.955595886267393 0.938305456539622 0 0.973071204361474 0.711298048837481 0.990860493188481 0.979143088116411 1 0.946107784431138 0.949351002995371 0.897010503635874 0.89851150202977 0.785667752442997 0.961167064686948 0.936670838548185 0.932820784729586 0.999807803190467 0.934855976767915 0.877606177606178 0.999233716475096 0.993919027044327 0.991250643335049 0.983964517229614 0.999043977055449 0.921558304817057 0.925330269959793
"216" 1 1 1 0.98825831702544 0.961802154750245 0.987674169346195 0.973071204361474 0 0.969665114882114 0.998293515358362 0.973275862068966 1 0.934505342985178 0.991328340559716 0.977982214044772 0.960005297311614 0.961778382669842 0.988743882544861 0.969502407704655 0.988636363636364 1 0.980516858469614 0.988255391842836 0.993854258121159 0.998172681589767 0.99203187250996 0.979902227050516 0.998256320836966 0.973369166870266 0.971196868008949
"5041" 0.999889636905419 1 0.999661246612466 0.974475695008942 0.941950996107167 0.947799773042492 0.711298048837481 0.969665114882114 0 0.990276277203272 0.967894658973221 1 0.929778393351801 0.95096673053475 0.897005733701423 0.921349344577872 0.801813936781609 0.95240898832303 0.936770881941204 0.936306721167279 1 0.936123514720351 0.849454456295207 0.998984771573604 0.994956045539703 0.992085991022915 0.987136294027565 0.99898717083052 0.921253071253071 0.93260790051207
"11934" 1 1 1 0.999101527403414 0.998567921440262 0.999419785320569 0.990860493188481 0.998293515358362 0.990276277203272 0 0.997446373850868 1 0.995154677599702 0.999041227229147 0.998172403289674 0.998259006294362 0.99558773616925 0.999655825159181 0.997037037037037 0.998315658140986 1 0.998250488834002 0.993161613859129 1 0.950909090909091 0.952107279693487 0.997910863509749 1 0.998406374501992 0.998263135041251
"2531" 1 1 1 0.981460023174971 0.964313123561013 0.979413278435409 0.979143088116411 0.973275862068966 0.967894658973221 0.997446373850868 0 1 0.97438330170778 0.992656700760556 0.977510428631884 0.966964632724446 0.95288958848662 0.983295856087376 0.972635726795096 0.988249694002448 1 0.979457518946949 0.9714166492802 0.99925705794948 0.997910572503134 0.997736987679155 0.9917914051183 1 0.97962052002811 0.978465312798146
"50156" 1 1 1 1 1 1 1 1 1 1 1 0 1 1 0.999936728883265 1 1 1 0.999707431246343 1 1 1 1 1 1 1 1 1 1 1
"263" 1 1 1 0.987633965375103 0.95458440445587 0.96 0.946107784431138 0.934505342985178 0.929778393351801 0.995154677599702 0.97438330170778 1 0 0.98138646939506 0.977984053314293 0.94625625992427 0.934900346620451 0.982418215881251 0.969761171032357 0.96983067016456 1 0.973783834942268 0.91116559788759 0.997586872586873 0.99711353431687 0.992095706045717 0.978181818181818 0.998073217726397 0.95232248823409 0.970740320343044
"3571" 0.999491456468674 1 1 0.991912599318956 0.963205395219677 0.964182424916574 0.949351002995371 0.991328340559716 0.95096673053475 0.999041227229147 0.992656700760556 1 0.98138646939506 0 0.931197688322041 0.979524385328497 0.943762024567116 0.976322852760736 0.980714809768368 0.954567564938224 1 0.913219262147137 0.952735546592202 0.999850657108722 0.998966007496446 0.996877691645134 0.993482688391039 0.99805767219483 0.958351600175362 0.955795928796525
"1324" 0.999841847224419 1 0.99968382445934 0.98951703481842 0.963264636746296 0.974149270803546 0.897010503635874 0.977982214044772 0.897005733701423 0.998172403289674 0.977510428631884 0.999936728883265 0.977984053314293 0.931197688322041 0 0.944255744255744 0.867463308211027 0.95798973082309 0.912946043785554 0.879655836069286 1 0.873095485946816 0.941800714924039 0.999431315556679 0.998634690727769 0.994865632510378 0.978386077909209 0.99930476551637 0.934781352897002 0.884965416818347
"12365" 0.999900039984006 1 1 0.993003078645396 0.898185173792679 0.933834586466165 0.89851150202977 0.960005297311614 0.921349344577872 0.998259006294362 0.966964632724446 1 0.94625625992427 0.979524385328497 0.944255744255744 0 0.861037394451146 0.970856266353875 0.971330987373215 0.925718810313258 1 0.939073584643205 0.93823283082077 0.998833138856476 0.99517337736568 0.992014480408859 0.990253671562083 0.999271137026239 0.954672395273899 0.933167082294264
"1909" 1 1 0.999757546369257 0.982611781405252 0.900275953944238 0.94383631713555 0.785667752442997 0.961778382669842 0.801813936781609 0.99558773616925 0.95288958848662 1 0.934900346620451 0.943762024567116 0.867463308211027 0.861037394451146 0 0.96030834836805 0.927017609944439 0.92113264918282 0.999878581835843 0.909613584703837 0.884419651595224 0.998545101842871 0.996224379719525 0.990598529274877 0.981183715360931 0.999152644958238 0.924749000877279 0.899790421485679
"2377" 1 1 1 0.995506829618979 0.958558765972142 0.981074642668078 0.961167064686948 0.988743882544861 0.95240898832303 0.999655825159181 0.983295856087376 1 0.982418215881251 0.976322852760736 0.95798973082309 0.970856266353875 0.96030834836805 0 0.975200583515682 0.984479279838585 1 0.964880859679178 0.977115873592445 0.999422743890706 0.999359487590072 0.996283004357857 0.995752633367312 0.999231360491929 0.973042033984924 0.974376135385792
"2394" 1 1 0.999708624708625 0.986838641747828 0.969196919691969 0.988690074274139 0.936670838548185 0.969502407704655 0.936770881941204 0.997037037037037 0.972635726795096 0.999707431246343 0.969761171032357 0.980714809768368 0.912946043785554 0.971330987373215 0.927017609944439 0.975200583515682 0 0.962110122733926 1 0.941981295462418 0.965824665676077 0.999419616947185 0.999110122358176 0.994557149925779 0.97152760584303 0.999710731848424 0.95166557805356 0.909990896677287
"1793" 0.999892392123103 1 1 0.990756677503665 0.969109039670496 0.970049249799565 0.932820784729586 0.988636363636364 0.936306721167279 0.998315658140986 0.988249694002448 1 0.96983067016456 0.954567564938224 0.879655836069286 0.925718810313258 0.92113264918282 0.984479279838585 0.962110122733926 0 1 0.932579185520362 0.939597691488766 0.998898464329683 0.997325390553766 0.996163469557965 0.984083044982699 0.999741117079801 0.956203125894544 0.917100540868422
"10283" 1 1 1 1 1 1 0.999807803190467 1 1 1 1 1 1 1 1 1 0.999878581835843 1 1 1 0 1 1 1 1 1 1 1 1 1
"8893" 0.99983681462141 1 0.999780268072951 0.992654104120089 0.959611746318993 0.97276126045932 0.934855976767915 0.980516858469614 0.936123514720351 0.998250488834002 0.979457518946949 1 0.973783834942268 0.913219262147137 0.873095485946816 0.939073584643205 0.909613584703837 0.964880859679178 0.941981295462418 0.932579185520362 1 0 0.931492754865815 0.998022847100176 0.999015844897156 0.995203836930456 0.98350622406639 0.999451634130292 0.940789473684211 0.903587774988927
"1115" 1 1 0.99973544973545 0.987360233349538 0.967998862181766 0.906192002699511 0.877606177606178 0.988255391842836 0.849454456295207 0.993161613859129 0.9714166492802 1 0.91116559788759 0.952735546592202 0.941800714924039 0.93823283082077 0.884419651595224 0.977115873592445 0.965824665676077 0.939597691488766 1 0.931492754865815 0 0.99868108678449 0.995237109132326 0.994670010973507 0.98655311519498 0.999473684210526 0.931159420289855 0.936038290003263
"4159" 1 1 1 0.997971602434077 0.998598458304135 0.998940677966102 0.999233716475096 0.993854258121159 0.998984771573604 1 0.99925705794948 1 0.997586872586873 0.999850657108722 0.999431315556679 0.998833138856476 0.998545101842871 0.999422743890706 0.999419616947185 0.998898464329683 1 0.998022847100176 0.99868108678449 0 1 1 1 1 0.998094027954257 0.998889241510632
"10534" 1 1 1 1 0.997742663656885 0.995865633074935 0.993919027044327 0.998172681589767 0.994956045539703 0.950909090909091 0.997910572503134 1 0.99711353431687 0.998966007496446 0.998634690727769 0.99517337736568 0.996224379719525 0.999359487590072 0.999110122358176 0.997325390553766 1 0.999015844897156 0.995237109132326 1 0 0.967679019225411 0.99893219434063 1 0.997617345723136 0.998911416519254
"2998" 1 1 1 0.99777141037886 0.992697531765737 0.995217951075961 0.991250643335049 0.99203187250996 0.992085991022915 0.952107279693487 0.997736987679155 1 0.992095706045717 0.996877691645134 0.994865632510378 0.992014480408859 0.990598529274877 0.996283004357857 0.994557149925779 0.996163469557965 1 0.995203836930456 0.994670010973507 1 0.967679019225411 0 0.997403346797461 0.999633431085044 0.994098246832147 0.995052844614347
"1781" 1 1 1 0.992694805194805 0.993158953722334 0.990950226244344 0.983964517229614 0.979902227050516 0.987136294027565 0.997910863509749 0.9917914051183 1 0.978181818181818 0.993482688391039 0.978386077909209 0.990253671562083 0.981183715360931 0.995752633367312 0.97152760584303 0.984083044982699 1 0.98350622406639 0.98655311519498 1 0.99893219434063 0.997403346797461 0 1 0.984571129707113 0.977890909090909
"9744" 1 1 1 1 0.998598458304135 1 0.999043977055449 0.998256320836966 0.99898717083052 1 1 1 0.998073217726397 0.99805767219483 0.99930476551637 0.999271137026239 0.999152644958238 0.999231360491929 0.999710731848424 0.999741117079801 1 0.999451634130292 0.999473684210526 1 1 0.999633431085044 1 0 0.999366888255777 0.999365482233503
"8577" 1 1 1 0.982189026141913 0.964139344262295 0.966779179250311 0.921558304817057 0.973369166870266 0.921253071253071 0.998406374501992 0.97962052002811 1 0.95232248823409 0.958351600175362 0.934781352897002 0.954672395273899 0.924749000877279 0.973042033984924 0.95166557805356 0.956203125894544 1 0.940789473684211 0.931159420289855 0.998094027954257 0.997617345723136 0.994098246832147 0.984571129707113 0.999366888255777 0 0.937880353657136
"363" 1 1 1 0.990822927636528 0.944220638363805 0.980328627632493 0.925330269959793 0.971196868008949 0.93260790051207 0.998263135041251 0.978465312798146 1 0.970740320343044 0.955795928796525 0.884965416818347 0.933167082294264 0.899790421485679 0.974376135385792 0.909990896677287 0.917100540868422 1 0.903587774988927 0.936038290003263 0.998889241510632 0.998911416519254 0.995052844614347 0.977890909090909 0.999365482233503 0.937880353657136 0
